tree
version=v3
num_class=1
num_tree_per_iteration=1
label_index=0
max_feature_idx=2
objective=lambdarank
feature_names=is_exact_match tactic_overlap text_sim
feature_infos=[0:1] [0:2] [0:0.79324216820560889]
tree_sizes=1729 1725 1727 453

Tree=0
num_leaves=15
num_cat=0
split_feature=1 2 2 2 2 2 2 2 2 2 2 2 2 2
split_gain=3832.94 3280.02 522.905 35.9936 35.4624 18.5407 15.7539 13.6478 8.31403 6.48318 4.78029 4.7146 4.16759 1.07911
threshold=1.0000000180025095e-35 0.18032251001492317 0.02275299635960374 1.0000000180025095e-35 0.097430782719196099 0.37367072973349064 0.098223180580916489 0.047905783426466585 0.053558903305564204 0.10229381962482954 0.016909923842102301 0.1594594600434511 0.011453357272328726 0.25694002734088811
decision_type=2 2 2 2 2 2 2 2 2 2 2 2 2 2
left_child=1 2 3 -1 7 13 -6 -4 -9 -8 12 -2 -5 -3
right_child=11 5 4 10 6 -7 9 8 -10 -11 -12 -13 -14 -15
leaf_value=-0.096308308789851027 0.082327515211815361 0.055931078331296763 -0.053556932318588879 -0.070747773028821556 0.014130333581572681 0.084439494137498461 -0.05016527569082279 -0.026554224480319022 -0.04290691696665646 -0.031280969448465076 -0.081977128217559148 0.091045261224828797 -0.047888857404518106 0.061775766577233819
leaf_weight=500.33998648436682 553.68371994327754 540.91537437774241 318.18541395638022 53.5710341471422 18.09274132119026 76.921068127267063 50.042240490205586 95.565006740624085 641.72474039623921 923.66931548800494 49.943351233960129 464.83690662961453 51.604711769767164 261.9213817329146
leaf_count=25170 5998 15371 13723 2596 429 733 2085 3402 25522 31791 2584 3080 2161 6539
internal_value=0 -0.469704 -1.01556 -1.79263 -0.766023 1.2065 -0.628831 -0.894221 -0.816523 -0.646039 -1.35232 1.72783 -1.20177 1.15825
internal_weight=0 3582.5 2702.74 655.459 2047.28 879.758 991.804 1055.48 737.29 973.712 155.119 1018.52 105.176 802.837
internal_count=141184 132106 109463 32511 76952 22643 34305 42647 28924 33876 7341 9078 4757 21910
shrinkage=0.05


Tree=1
num_leaves=15
num_cat=0
split_feature=0 2 2 2 2 2 2 2 2 2 2 2 2 2
split_gain=14399.2 3650.82 66.3859 18.5576 17.8726 11.9867 36.1716 10.537 4.17858 1.28737 1.16322 0.814485 0.630288 0.460612
threshold=1.0000000180025095e-35 0.17894328429433601 1.0000000180025095e-35 0.30252211409897745 0.16197677259572532 0.25694002734088811 0.22203446722780132 0.18032251001492317 0.2763617408089874 0.17754598913386588 0.11661378632025669 0.2504237105583651 0.26421580869660261 0.31815519223462529
decision_type=2 2 2 2 2 2 2 2 2 2 2 2 2 2
left_child=1 2 -1 5 10 6 7 -3 12 -6 -4 -8 -7 -5
right_child=-2 3 4 13 9 8 11 -9 -10 -11 -12 -13 -14 -15
leaf_value=-0.090363482285879579 0.097315460804913725 -0.0095754415145192159 -0.071167977314488262 0.0089061288820106842 -0.058737974204709137 0.038858854979406166 0.0034269602353993859 0.025044486579583965 0.022607241655896032 -0.040698995780088398 -0.074994110314912751 -0.0045191239573140396 0.030894134246651245 0.0032915433144533619
leaf_weight=534.37988082517404 2559.852844176814 22.220677338540554 2216.4106428565574 47.503931775689125 224.98595225310419 75.1763462042436 230.70486771431752 681.28490317531396 144.62984094070271 20.901259478181601 737.69474786537467 36.578537810593843 100.41714848112315 158.6858131843619
leaf_count=25318 2300 443 63155 850 5326 884 4848 10667 2188 429 20132 866 1341 2437
internal_value=0 -0.947594 -1.47643 0.371546 -1.42063 0.416017 0.359941 0.478779 0.584367 -1.14751 -1.44297 0.0465345 0.690096 0.0924365
internal_weight=0 5231.57 3734.37 1497.2 3199.99 1291.01 970.789 703.506 320.223 245.887 2954.11 267.283 175.593 206.19
internal_count=141184 138884 114360 24524 89042 21237 16824 11110 4413 5755 83287 5714 2225 3287
shrinkage=0.05


Tree=2
num_leaves=15
num_cat=0
split_feature=0 2 2 2 2 2 2 2 2 2 2 2 2 2
split_gain=9627.13 3849.77 122.576 80.3165 50.9699 33.2475 32.8968 26.8843 24.0383 15.4121 12.4414 2.65106 0.45579 0.148639
threshold=1.0000000180025095e-35 0.18032251001492317 1.0000000180025095e-35 0.30252211409897745 0.11661378632025669 0.21188100533950324 0.25694002734088811 0.22203446722780132 0.17894328429433601 0.2763617408089874 0.37367072973349064 0.19061320132867512 0.058432935602034754 0.015847164039075486
decision_type=2 2 2 2 2 2 2 2 2 2 2 2 2 2
left_child=1 2 -1 5 12 11 7 -7 -6 -8 -5 -3 13 -4
right_child=-2 3 4 10 8 6 9 -9 -10 -11 -12 -13 -14 -15
leaf_value=-0.085122869016204222 0.090350075124682905 0.047359900030390284 -0.059345697164506044 -0.019452391991009288 -0.072662863758555615 0.032597043321670453 0.046874773411454261 0.0041993983107872935 -0.018223237810776147 0.024337446895224324 0.01419416473850945 0.04003518879972958 -0.057862847221533356 -0.054186150003919797
leaf_weight=630.76357305236161 2070.8191659711301 265.6326347021386 149.25623914599419 77.881556983105838 819.8955463047605 143.27764839213341 204.61671089567244 198.16423797467723 21.595541368704289 126.62088513094932 41.282771551981568 387.25712984101847 1168.3373560141772 843.59922352898866
leaf_count=25144 2262 3085 4506 2574 25961 2243 2227 5650 456 2174 752 5375 34291 24484
internal_value=0 -0.750754 -1.29968 0.629728 -1.21454 0.700382 0.542798 0.323523 -1.42578 0.767174 -0.155498 0.861663 -1.13166 -1.10041
internal_weight=0 5078.18 3633.45 1444.73 3002.68 1325.57 672.679 341.442 841.491 331.238 119.164 652.89 2161.19 992.855
internal_count=141184 138922 114842 24080 89698 20754 12294 7893 26417 4401 3326 8460 63281 28990
shrinkage=0.05


Tree=3
num_leaves=3
num_cat=0
split_feature=0 1
split_gain=8817.38 4389.15
threshold=1.0000000180025095e-35 1.0000000180025095e-35
decision_type=2 2
left_child=1 -1
right_child=-2 -3
leaf_value=-0.05749734193874672 0.085838782593047405 0.071616038409888033
leaf_weight=4086.2836843670812 2099.8549022972584 783.69809018541127
leaf_count=130831 2302 8051
internal_value=0 -0.734189
internal_weight=0 4869.98
internal_count=141184 138882
shrinkage=0.05


end of trees

feature importances:
text_sim=39
is_exact_match=3
tactic_overlap=2

parameters:
[boosting: gbdt]
[objective: lambdarank]
[metric: ndcg]
[tree_learner: serial]
[device_type: cpu]
[data: ]
[valid: ]
[num_iterations: 100]
[learning_rate: 0.05]
[num_leaves: 15]
[num_threads: 0]
[max_depth: 6]
[min_data_in_leaf: 30]
[min_sum_hessian_in_leaf: 0.001]
[bagging_fraction: 0.8]
[pos_bagging_fraction: 1]
[neg_bagging_fraction: 1]
[bagging_freq: 1]
[bagging_seed: 17422]
[feature_fraction: 0.8]
[feature_fraction_bynode: 1]
[feature_fraction_seed: 7040]
[early_stopping_round: 0]
[first_metric_only: 0]
[max_delta_step: 0]
[lambda_l1: 0]
[lambda_l2: 1]
[min_gain_to_split: 0]
[drop_rate: 0.1]
[max_drop: 50]
[skip_drop: 0.5]
[xgboost_dart_mode: 0]
[uniform_drop: 0]
[drop_seed: 15215]
[top_rate: 0.2]
[other_rate: 0.1]
[min_data_per_group: 100]
[max_cat_threshold: 32]
[cat_l2: 10]
[cat_smooth: 10]
[max_cat_to_onehot: 4]
[top_k: 20]
[monotone_constraints: ]
[feature_contri: ]
[forcedsplits_filename: ]
[forcedbins_filename: ]
[refit_decay_rate: 0.9]
[cegb_tradeoff: 1]
[cegb_penalty_split: 0]
[cegb_penalty_feature_lazy: ]
[cegb_penalty_feature_coupled: ]
[verbosity: -1]
[max_bin: 255]
[max_bin_by_feature: ]
[min_data_in_bin: 3]
[bin_construct_sample_cnt: 200000]
[histogram_pool_size: -1]
[data_random_seed: 61]
[output_model: LightGBM_model.txt]
[snapshot_freq: -1]
[input_model: ]
[output_result: LightGBM_predict_result.txt]
[initscore_filename: ]
[valid_data_initscores: ]
[pre_partition: 0]
[enable_bundle: 1]
[max_conflict_rate: 0]
[is_enable_sparse: 1]
[sparse_threshold: 0.8]
[use_missing: 1]
[zero_as_missing: 0]
[two_round: 0]
[save_binary: 0]
[header: 0]
[label_column: ]
[weight_column: ]
[group_column: ]
[ignore_column: ]
[categorical_feature: ]
[predict_raw_score: 0]
[predict_leaf_index: 0]
[predict_contrib: 0]
[num_iteration_predict: -1]
[pred_early_stop: 0]
[pred_early_stop_freq: 10]
[pred_early_stop_margin: 10]
[convert_model_language: ]
[convert_model: gbdt_prediction.cpp]
[num_class: 1]
[is_unbalance: 0]
[scale_pos_weight: 1]
[sigmoid: 1]
[boost_from_average: 1]
[reg_sqrt: 0]
[alpha: 0.9]
[fair_c: 1]
[poisson_max_delta_step: 0.7]
[tweedie_variance_power: 1.5]
[max_position: 20]
[lambdamart_norm: 1]
[label_gain: ]
[metric_freq: 1]
[is_provide_training_metric: 0]
[eval_at: 1,3,5,10]
[multi_error_top_k: 1]
[num_machines: 1]
[local_listen_port: 12400]
[time_out: 120]
[machine_list_filename: ]
[machines: ]
[gpu_platform_id: -1]
[gpu_device_id: -1]
[gpu_use_dp: 0]

end of parameters

pandas_categorical:null
