tree
version=v3
num_class=1
num_tree_per_iteration=1
label_index=0
max_feature_idx=2
objective=lambdarank
feature_names=is_exact_match tactic_overlap text_sim
feature_infos=[0:1] [0:2] [0:0.79324216820560889]
tree_sizes=3133 2804 2469 454 2906

Tree=0
num_leaves=28
num_cat=0
split_feature=1 2 2 2 2 2 2 2 2 2 2 2 2 2 2 2 2 2 2 2 2 2 2 2 2 2 2
split_gain=3832.94 3280.02 522.905 35.9936 35.4624 18.5407 15.7539 13.6478 8.31403 6.65401 6.48318 10.2011 8.10581 8.3804 4.78029 4.76208 4.7146 4.19498 4.18766 4.16759 3.72925 2.28373 1.07911 0.265505 0.0718993 4.93986 2.39361
threshold=1.0000000180025095e-35 0.18032251001492317 0.02275299635960374 1.0000000180025095e-35 0.097430782719196099 0.37367072973349064 0.098223180580916489 0.047905783426466585 0.053558903305564204 0.054235107105974852 0.10229381962482954 0.099854670221189643 0.10971399765777508 0.10883622271398909 0.016909923842102301 0.09506708916158281 0.1594594600434511 0.10144545661846736 0.17475925564821806 0.011453357272328726 0.052914576455037943 0.052203900747395511 0.25694002734088811 0.0063445404166121719 0.027284332193233531 0.030528718311260129 0.033044778297968883
decision_type=2 2 2 2 2 2 2 2 2 2 2 2 2 2 2 2 2 2 2 2 2 2 2 2 2 2 2
left_child=1 2 3 -1 7 22 -6 24 20 -10 11 -8 13 -12 19 -11 -2 -13 -14 23 21 -9 -3 -5 -4 -26 -27
right_child=16 5 4 14 6 -7 10 8 9 15 12 17 18 -15 -16 -17 -18 -19 -20 -21 -22 -23 -24 -25 25 26 -28
leaf_value=-0.096308308789851027 0.082327515211815361 0.055931078331296763 -0.046410016497185298 -0.055809775261401399 0.014130333581572681 0.084439494137498461 -0.024991848446624998 -0.026867938829943268 -0.088539498651703213 -0.041140597629074904 -0.024277449033867041 -0.088340922397180777 -0.034048017436028463 0.012709018501094769 -0.081977128217559148 -0.06354798859009396 0.091045261224828797 -0.040764478377909981 -0.019099187649020272 -0.047888857404518106 -0.0032172993794728037 -0.053318046704025679 0.061775766577233819 -0.076821449387282803 -0.073901662000116206 -0.036868607617970554 -0.053918352873841717
leaf_weight=500.33998648436682 553.68371994327754 540.91537437774241 51.212288096663542 18.430543558672071 18.09274132119026 76.921068127267063 23.89479977125302 70.835502950241789 7.7256217647809526 606.46429004885431 97.944383746595122 15.625144665595144 753.71037401088688 17.472419457975775 49.943351233960129 27.53482858260395 464.83690662961453 10.522296053357422 54.542138272547163 51.604711769767164 14.78874581446871 9.9407579759135825 261.9213817329146 35.140490588470129 34.528267505054828 33.901410518563353 198.54344783609849
leaf_count=25170 5998 15371 2121 832 429 733 834 2527 435 23847 3357 829 26360 421 2584 1240 3080 422 1653 2161 436 439 6539 1764 1715 1329 8558
internal_value=0 -0.469704 -1.01556 -1.79263 -0.766023 1.2065 -0.628831 -0.894221 -0.816523 -0.858138 -0.646039 -1.00331 -0.625619 -0.372343 -1.35232 -0.844246 1.72783 -1.42804 -0.661282 -1.20177 -0.531084 -0.614704 1.15825 -1.41496 -1.07114 -1.09499 -1.03201
internal_weight=0 3582.5 2702.74 655.459 2047.28 879.758 991.804 1055.48 737.29 641.725 973.712 50.0422 923.669 115.417 155.119 633.999 1018.52 26.1474 808.253 105.176 95.565 80.7763 802.837 53.571 318.185 266.973 232.445
internal_count=141184 132106 109463 32511 76952 22643 34305 42647 28924 25522 33876 2085 31791 3778 7341 25087 9078 1251 28013 4757 3402 2966 21910 2596 13723 11602 9887
shrinkage=0.05


Tree=1
num_leaves=25
num_cat=0
split_feature=0 2 2 2 2 2 2 2 2 2 2 2 2 2 2 2 2 2 2 2 2 2 2 2
split_gain=13942.5 3761.91 70.1958 20.7995 18.3938 10.7066 39.9782 10.2437 7.9802 4.44414 0.989592 0.879568 0.709921 1.09198 0.889736 0.624722 0.521589 0.429055 0.144505 0.112736 0.105594 0.113272 0.0566249 0.00526136
threshold=1.0000000180025095e-35 0.17894328429433601 1.0000000180025095e-35 0.30252211409897745 0.16197677259572532 0.25694002734088811 0.22203446722780132 0.18032251001492317 0.19061320132867512 0.28088122192755444 0.17754598913386588 0.26421580869660261 0.2504237105583651 0.24738593940275455 0.23618560164143776 0.21188100533950324 0.31815519223462529 0.11661378632025669 0.40481035068399179 0.37367072973349064 0.3390067466154551 0.35362325741037254 0.32771574309202317 0.25362799559983579
decision_type=2 2 2 2 2 2 2 2 2 2 2 2 2 2 2 2 2 2 2 2 2 2 2 2
left_child=1 2 -1 5 17 6 7 -3 -9 11 -6 -7 13 14 -8 -10 -5 -4 19 20 22 -22 -18 -14
right_child=-2 3 4 16 10 9 12 8 15 -11 -12 -13 23 -15 -16 -17 18 -19 -20 -21 21 -23 -24 -25
leaf_value=-0.09030749847103528 0.097240024820261659 -0.006571561662817544 -0.070792679140549639 0.0095473523593967782 -0.057887054284716591 0.039500972606283324 0.0054225813788515717 0.034216477894998105 0.024000186635896519 0.021759390109364139 -0.041024529652346028 0.031205504387671862 -0.0040178036764485199 0.013915322715205854 -0.0012526203758201034 0.019280319521719162 0.0029479807756674021 -0.074166767834011618 0.00056568813103483821 0.0065253008276135701 -0.0012463681151065745 0.0038030964623122013 0.0067382358602686545 -0.0024533972631750741
leaf_weight=539.45540308766067 2501.120980232954 23.634995704516768 2204.9593335126992 47.964125575032085 222.22798702842556 76.399233580566943 128.12272827513516 235.88167590857483 339.34175066766329 115.74351224722341 20.879243077710271 133.09005874861032 18.79226843896322 24.091141767334193 80.864941992564127 127.53855873038992 21.962288370355964 722.85471963556483 31.922865732572973 40.591133588925004 20.239357830956578 22.634195662569255 22.15140781737864 18.362938399193808
leaf_count=25318 2300 443 63155 850 5326 884 2622 3122 5348 1746 429 1783 444 459 1767 2197 417 20132 346 411 415 425 423 422
internal_value=0 -0.924464 -1.46834 0.39516 -1.41032 0.44134 0.389115 0.511135 0.532901 0.599692 -1.13226 0.688082 0.0604465 0.0808945 0.0569208 0.455096 0.100218 -1.43302 0.0719149 0.0868727 0.0652602 0.0289063 0.0991681 -0.0665841
internal_weight=0 5239.71 3710.38 1529.33 3170.92 1321.86 996.631 726.397 702.762 325.233 243.107 209.489 270.234 233.079 208.988 466.88 207.465 2927.81 159.501 127.578 86.9872 42.8736 44.1137 37.1552
internal_count=141184 138884 114360 24524 89042 21237 16824 11110 10667 4413 5755 2667 5714 4848 4389 7545 3287 83287 2437 2091 1680 840 840 866
shrinkage=0.05


Tree=2
num_leaves=22
num_cat=0
split_feature=0 2 2 2 2 2 2 2 2 2 2 2 2 2 2 2 2 2 2 2 2
split_gain=9659.78 3816.81 121.63 106.186 52.9585 45.0935 43.0905 27.7607 19.4348 13.9863 11.7017 10.2009 3.70512 2.09116 0.836012 1.48671 0.61041 1.01011 0.289625 0.168786 0.0286807
threshold=1.0000000180025095e-35 0.18032251001492317 1.0000000180025095e-35 0.21188100533950324 0.11661378632025669 0.30252211409897745 0.25694002734088811 0.28088122192755444 0.19061320132867512 0.17894328429433601 0.23364548064290033 0.37367072973349064 0.26421580869660261 0.22203446722780132 0.2504237105583651 0.24738593940275455 0.044265929215716329 0.015847164039075486 0.2242213698210844 0.21998824043333012 0.40481035068399179
decision_type=2 2 2 2 2 2 2 2 2 2 2 2 2 2 2 2 2 2 2 2 2
left_child=1 2 -1 8 16 6 10 12 -3 -6 13 -7 -8 19 15 -12 17 -4 -15 -5 -13
right_child=-2 3 4 5 9 11 7 -9 -10 -11 14 20 -14 18 -16 -17 -18 -19 -20 -21 -22
leaf_value=-0.085095415386156448 0.090351485364224618 0.053633851117469711 -0.059590598490021407 0.020068627618427867 -0.072612646866540717 -0.020981405156839796 0.052827494738174864 0.010742313362144394 0.036634776666815146 -0.029821733760600939 -0.0040091115545157754 0.011430310386565433 0.038861347799956973 0.0046629003637634423 -0.01087780782993137 0.011575888266977368 -0.057543150726969111 -0.05279491913149096 0.012522269421777046 0.026801124446751753 0.0073840630073354332
leaf_weight=629.93893825635314 2074.8728942498565 345.40695703402162 151.13575265370309 86.273402867373079 818.0371903218329 77.304499397985637 96.476562198251486 81.296529653482139 353.35784138785675 21.489831918850541 69.391450344235636 22.760004312731326 140.46367223747075 16.056544455233961 24.760761378915049 18.555265533737838 1472.2441365486011 537.10332539305091 68.462627053260803 24.413884907029569 17.023843118920922
leaf_count=25144 2262 3085 4506 1791 25961 2574 879 1728 5375 456 2181 419 1794 421 869 432 43339 15436 1747 452 333
internal_value=0 -0.753737 -1.30039 0.622307 -1.21555 0.358449 0.46486 0.722408 0.902045 -1.43108 0.197199 -0.209718 0.894923 0.344733 -0.0591093 -0.0125553 -1.13117 -1.08743 0.222023 0.435605 0.198448
internal_weight=0 5071.95 3629.95 1442 3000.01 743.239 626.151 318.237 698.765 839.527 307.914 117.088 236.94 195.206 112.707 87.9467 2160.48 688.239 84.5192 110.687 39.7838
internal_count=141184 138922 114842 24080 89698 15620 12294 4401 8460 26417 7893 3326 2673 4411 3482 2613 63281 19942 2168 2243 752
shrinkage=0.05


Tree=3
num_leaves=3
num_cat=0
split_feature=0 1
split_gain=8699.21 4295.06
threshold=1.0000000180025095e-35 1.0000000180025095e-35
decision_type=2 2
left_child=1 -1
right_child=-2 -3
leaf_value=-0.056776371279344109 0.085779047651855497 0.071435112669600995
leaf_weight=4098.6562780099921 2078.9983964450657 776.13414881378412
leaf_count=130831 2302 8051
internal_value=0 -0.727057
internal_weight=0 4874.79
internal_count=141184 138882
shrinkage=0.05


Tree=4
num_leaves=26
num_cat=0
split_feature=0 2 2 2 2 2 2 2 2 2 2 2 2 2 2 2 2 2 2 2 2 2 2 2 2
split_gain=6959.84 3749.6 122.641 84.4691 59.6567 32.7631 21.3989 18.3644 19.4098 18.1027 13.3727 6.95516 5.86771 2.84633 5.23893 1.86614 1.13567 0.342153 0.256152 0.155478 0.109723 0.0791229 0.511216 0.0431462 0.0194078
threshold=1.0000000180025095e-35 0.18032251001492317 1.0000000180025095e-35 0.21188100533950324 0.11661378632025669 0.28088122192755444 0.17894328429433601 0.044265929215716329 0.015847164039075486 0.25694002734088811 0.19061320132867512 0.26421580869660261 0.22203446722780132 0.30252211409897745 0.37367072973349064 0.2504237105583651 0.16197677259572532 0.28579708518237135 0.31014354490592261 0.23618560164143776 0.40481035068399179 0.019944573218525899 0.021835259701974735 0.25362799559983579 0.32771574309202317
decision_type=2 2 2 2 2 2 2 2 2 2 2 2 2 2 2 2 2 2 2 2 2 2 2 2 2
left_child=1 2 -1 10 7 9 16 8 -4 12 -3 -11 -5 17 18 19 -6 -7 -15 -14 -16 -10 -23 -17 -20
right_child=-2 3 4 5 6 13 -8 -9 21 11 -12 -13 15 14 20 23 -18 -19 24 -21 -22 22 -24 -25 -26
leaf_value=-0.07816603531544683 0.080644459794146861 0.061999843987317317 -0.059282345442311771 0.036780198571068914 -0.068055760858582684 0.008307229408540456 -0.015745843334272685 -0.052740104762362898 -0.033292369849411023 0.05935344152071196 0.047062393835328356 0.037947714472268516 0.025502967040470843 0.00048341776152944723 0.014196212151533678 0.0048467499279295856 -0.060951899731557381 0.018358285975688952 -0.0094708880220169024 0.020708720017709129 0.023176946340692482 -0.047868382036995082 -0.037893743162182809 0.010056570596135199 -0.0064754517253690375
leaf_weight=650.26721969619393 1918.6818749643862 315.48079101555049 138.78951187990606 105.87414626032114 640.03148325812072 13.396043566986917 22.005011974135414 1350.6737793376669 65.576352514326572 77.686267724260688 335.40129059832543 93.505389718338847 95.015371321700513 11.229518297128378 15.056139851920307 11.050262591103092 184.54380240477622 46.539585049264133 19.351386780384928 70.53022527275607 14.234167701099068 28.608279138803482 449.31421909853816 11.492615822469816 28.997271881438792
leaf_count=25247 2296 3094 4554 2231 20170 433 443 43285 1817 868 5356 1769 2672 456 414 439 5734 1309 863 2217 328 889 12624 428 1248
internal_value=0 -0.640286 -1.16957 0.836556 -1.08014 0.568939 -1.30483 -0.98598 -0.848395 0.699401 1.08773 0.958997 0.545484 0.159178 0.0444957 0.435142 -1.33083 0.3257 -0.125814 0.47194 0.383633 -0.760254 -0.771791 0.156342 -0.15684
internal_weight=0 4794.65 3529.81 1264.84 2879.54 613.958 846.58 2032.96 682.288 465.154 650.882 171.192 293.963 148.804 88.8685 188.088 824.575 59.9356 59.5782 165.546 29.2903 543.499 477.922 22.5429 48.3487
internal_count=141184 138888 114763 24125 89516 15675 26347 63169 19884 10624 8450 2637 7987 5051 3309 5756 25904 1742 2567 4889 742 15330 13513 867 2111
shrinkage=0.05


end of trees

feature importances:
text_sim=93
is_exact_match=4
tactic_overlap=2

parameters:
[boosting: gbdt]
[objective: lambdarank]
[metric: ndcg]
[tree_learner: serial]
[device_type: cpu]
[data: ]
[valid: ]
[num_iterations: 100]
[learning_rate: 0.05]
[num_leaves: 31]
[num_threads: 0]
[max_depth: 8]
[min_data_in_leaf: 20]
[min_sum_hessian_in_leaf: 0.001]
[bagging_fraction: 0.8]
[pos_bagging_fraction: 1]
[neg_bagging_fraction: 1]
[bagging_freq: 1]
[bagging_seed: 17422]
[feature_fraction: 0.8]
[feature_fraction_bynode: 1]
[feature_fraction_seed: 7040]
[early_stopping_round: 0]
[first_metric_only: 0]
[max_delta_step: 0]
[lambda_l1: 0]
[lambda_l2: 1]
[min_gain_to_split: 0]
[drop_rate: 0.1]
[max_drop: 50]
[skip_drop: 0.5]
[xgboost_dart_mode: 0]
[uniform_drop: 0]
[drop_seed: 15215]
[top_rate: 0.2]
[other_rate: 0.1]
[min_data_per_group: 100]
[max_cat_threshold: 32]
[cat_l2: 10]
[cat_smooth: 10]
[max_cat_to_onehot: 4]
[top_k: 20]
[monotone_constraints: ]
[feature_contri: ]
[forcedsplits_filename: ]
[forcedbins_filename: ]
[refit_decay_rate: 0.9]
[cegb_tradeoff: 1]
[cegb_penalty_split: 0]
[cegb_penalty_feature_lazy: ]
[cegb_penalty_feature_coupled: ]
[verbosity: -1]
[max_bin: 255]
[max_bin_by_feature: ]
[min_data_in_bin: 3]
[bin_construct_sample_cnt: 200000]
[histogram_pool_size: -1]
[data_random_seed: 61]
[output_model: LightGBM_model.txt]
[snapshot_freq: -1]
[input_model: ]
[output_result: LightGBM_predict_result.txt]
[initscore_filename: ]
[valid_data_initscores: ]
[pre_partition: 0]
[enable_bundle: 1]
[max_conflict_rate: 0]
[is_enable_sparse: 1]
[sparse_threshold: 0.8]
[use_missing: 1]
[zero_as_missing: 0]
[two_round: 0]
[save_binary: 0]
[header: 0]
[label_column: ]
[weight_column: ]
[group_column: ]
[ignore_column: ]
[categorical_feature: ]
[predict_raw_score: 0]
[predict_leaf_index: 0]
[predict_contrib: 0]
[num_iteration_predict: -1]
[pred_early_stop: 0]
[pred_early_stop_freq: 10]
[pred_early_stop_margin: 10]
[convert_model_language: ]
[convert_model: gbdt_prediction.cpp]
[num_class: 1]
[is_unbalance: 0]
[scale_pos_weight: 1]
[sigmoid: 1]
[boost_from_average: 1]
[reg_sqrt: 0]
[alpha: 0.9]
[fair_c: 1]
[poisson_max_delta_step: 0.7]
[tweedie_variance_power: 1.5]
[max_position: 20]
[lambdamart_norm: 1]
[label_gain: ]
[metric_freq: 1]
[is_provide_training_metric: 0]
[eval_at: 1,3,5,10]
[multi_error_top_k: 1]
[num_machines: 1]
[local_listen_port: 12400]
[time_out: 120]
[machine_list_filename: ]
[machines: ]
[gpu_platform_id: -1]
[gpu_device_id: -1]
[gpu_use_dp: 0]

end of parameters

pandas_categorical:null
